Coefficients: [[ 1310.02345879  -400.18908125   -85.1918446   -123.95108539
     58.97571041    19.12546657   -96.23137157  -400.18908125
    -85.1918446     19.12546657   -96.23137157  -400.18908125
    -85.1918446    362.93576652   -32.54803103   266.12999833
     44.26509342  -772.94068169    32.66527575   755.45824817
    209.5401413   -322.29414376   -98.382763     194.31775761
     59.2930095   1022.91868658   174.91574151   322.18488452
    323.65285035 -1349.93195075   -34.68959737   929.969935
    119.02602685     4.85096182  -189.75757946   952.06862903
   -144.66498979  -123.95108539    58.97571041  -890.35879809
    -81.90922871 -1023.14224953  -112.14477123   509.50439879
     71.93776726  1056.87016314  -162.47832922    24.83016132
    -34.66145058  -245.89062639  -143.95660029   461.25994671]]
Intercept: [15555.67535885]
